@tasks 30
T0 2 1(0) 23(0) 
T1 4 2(0) 7(0) 17(0) 19(0) 
T2 4 3(0) 4(0) 5(0) 6(0) 
T3 4 12(0) 13(0) 14(0) 15(0) 
T4 2 8(0) 9(0) 
T5 1 10(0) 
T6 1 11(0) 
T7 3 24(0) 25(0) 26(0) 
T8 3 11(0) 17(0) 29(0) 
T9 2 18(0) 20(0) 
T10 1 16(0) 
T11 0 
T12 0 
T13 2 27(0) 28(0) 
T14 2 18(0) 20(0) 
T15 1 21(0) 
T16 0 
T17 0 
T18 0 
T19 2 21(0) 22(0) 
T20 0 
T21 0 
T22 0 
T23 0 
T24 0 
T25 0 
T26 0 
T27 0 
T28 0 
T29 0 
@proc 4
203 0 1 
153 0 1 
1034 0 0 
1077 0 0 
@times 
574 588 86 3 
494 869 46 67 
146 885 89 61 
629 264 34 0 
831 52 34 31 
507 427 29 34 
345 798 26 74 
531 791 70 84 
315 394 78 73 
66 523 66 9 
418 123 37 18 
345 381 31 84 
495 208 43 0 
141 195 23 15 
663 634 87 59 
72 95 79 61 
345 461 52 88 
459 774 33 57 
372 253 37 46 
410 655 17 0 
86 822 45 5 
429 618 43 44 
692 554 50 0 
183 287 58 26 
790 775 43 32 
162 51 87 80 
129 131 9 48 
550 60 54 73 
647 265 35 19 
309 816 75 45 
@cost 
49 50 43 310 
17 15 375 311 
50 36 157 101 
42 65 71 169 
12 30 303 408 
33 29 387 292 
43 54 383 59 
21 49 212 174 
22 35 184 111 
36 8 172 188 
22 25 364 353 
6 58 397 281 
41 58 279 239 
11 3 228 251 
38 67 111 215 
71 36 238 51 
52 14 63 117 
44 28 301 85 
65 42 286 210 
73 42 107 326 
41 29 98 427 
76 34 285 40 
29 40 306 466 
89 17 241 68 
44 39 339 401 
60 29 77 109 
86 36 377 364 
4 41 254 93 
12 74 122 173 
41 0 253 330 
@comm 1
CHAN0 228 80 1 1 1 1 
