@tasks 10
T0 2 1(109) 5(174) 
T1 3 2(135) 3(104) 4(181) 
T2 2 5(84) 7(33) 
T3 1 9(197) 
T4 0 
T5 3 6(17) 8(193) 9(136) 
T6 1 8(26) 
T7 0 
T8 1 9(69) 
T9 0 
@proc 4
1738 0 1
513 0 1
1165 0 0
854 0 0
@times
735 517 88 63 
809 201 28 11 
812 592 52 47 
336 528 20 9 
588 707 88 61 
537 953 91 44 
541 427 26 75 
313 481 27 74 
579 204 75 58 
237 861 96 68 
@cost
13 53 410 200 
25 55 40 140 
32 78 209 373 
81 30 405 321 
48 0 301 198 
8 3 396 129 
75 64 361 110 
45 63 486 119 
25 7 256 300 
90 98 304 98 
@comm 2
CHAN0 60 18 1 1 1 1 
CHAN1 79 3 1 1 1 1 
